IMG_0969.JPG,1,1,0,0,0
IMG_8078.JPG,1,2,0,0,0
IMG_6055.JPG,0,2,0,0,0
IMG_2233.JPG,0,3,0,0,0
IMG_9405 (2).JPG,1,1,0,0,0
2016-07-19 11-03-45 PM M 01_03.JPG,unk,1,1,0,0
IMG_2882 (7).JPG,0,3,0,0,0
2016-07-08 08-25-21 AM M 02_03.JPG,1,0,0,0,0
2016-07-21 07-03-34.JPG,1,0,0,0,0
IMG_2349 (6).JPG,1,0,0,0,0
2016-07-18 11-05-24 PM M 02_03.JPG,1,2,0,0,0
IMG_8911.JPG,1,2,0,0,0
IMG_2925 (5).JPG,1,3,0,0,1
IMG_1197 (2).JPG,0,2,0,0,0
IMG_1976 (2).JPG,0,2,0,0,0
IMG_0748 (8).JPG,0,2,1,0,0
2016-07-08 14-50-54.JPG,1,0,2,0,0
2016-07-09 03-32-37 PM M 01_03.JPG,1,0,0,0,0
2016-07-15 07-15-42 AM M 03_03.JPG,1,1,1,0,0
IMG_0837 (2).JPG,1,3,1,0,0
IMG_2092 (4).JPG,1,0,2,0,0
IMG_1280 (4).JPG,0,2,0,0,0
2016-07-19 14-04-20.JPG,1,1,0,0,0
IMG_1687 (5).JPG,0,2,0,0,0
2016-07-13 06-03-32_001.JPG,1,0,1,0,0
IMG_3136 (5).JPG,1,0,2,0,0
IMG_4353 (2).JPG,0,0,1,0,0
IMG_0478 (3).JPG,1,2,0,0,0
IMG_1172 (3).JPG,1,1,0,1,1
IMG_3521 (4).JPG,0,1,0,0,0
2016-07-09 12-34-01 PM M 03_03.JPG,1,0,1,0,0
IMG_4508.JPG,0,0,4,0,0
IMG_6479.JPG,1,0,0,0,0
IMG_5115 (4).JPG,0,1,0,0,0
2016-07-14 01-02-36 PM M 01_03.JPG,1,1,0,0,0
IMG_0752.JPG,1,1,0,0,0
IMG_0561 (5).JPG,0,3,0,0,0
IMG_9776.JPG,0,1,0,0,0
IMG_0034.JPG,1,0,1,0,0
IMG_2623.JPG,1,3,0,1,1
IMG_1275 (5).JPG,1,2,0,0,3
IMG_0023 (3).JPG,0,0,1,0,0
IMG_6937 (6).JPG,0,1,0,0,0
IMG_3892 (2).JPG,0,0,1,0,0
IMG_0271 (2).JPG,1,0,0,0,0
IMG_3298.JPG,1,1,0,0,0
IMG_5831.JPG,1,2,0,0,0
IMG_0412 (2).JPG,1,3,1,0,0
IMG_0932 (7).JPG,1,2,0,1,0
2016-07-15 13-03-20_001.JPG,1,1,0,0,0
IMG_0015 (3).JPG,0,0,4,0,0
2016-07-21 07-41-36_001.JPG,1,1,1,0,0
IMG_2665 (3).JPG,1,0,0,0,0
IMG_5833.JPG,1,2,0,0,0
IMG_2041 (5).JPG,0,1,0,0,0
IMG_6057 (4).JPG,1,2,0,0,0
2016-07-16 12-47-14.JPG,1,3,0,0,0
IMG_0526 (3).JPG,0,1,0,0,0
IMG_2165 (4).JPG,0,1,0,0,0
IMG_6453.JPG,0,0,2,0,0
IMG_1144 (3).JPG,0,1,0,0,0
IMG_4458 (2).JPG,0,1,1,0,0
IMG_3517.JPG,1,0,2,0,0
IMG_1231 (10).JPG,0,2,0,0,0
IMG_0585.JPG,1,2,1,0,0
2016-07-11 11-26-32 AM M 01_03.JPG,1,2,1,1,0
2016-07-17 10-44-34 AM M 02_03.JPG,1,3,0,1,1
2016-07-12 05-19-20.JPG,1,0,0,0,0
IMG_0908 (4).JPG,0,1,0,0,0
2016-07-20 05-53-56_001.JPG,1,0,0,0,0
IMG_2190 (5).JPG,1,0,0,0,0
IMG_9238.JPG,1,0,0,0,0
IMG_2548 (6).JPG,1,0,0,0,0
IMG_3917 (2).JPG,0,0,1,0,0
2016-07-07 15-14-54_001.JPG,1,0,1,0,0
2016-07-22 07-32-36.JPG,1,1,0,1,1
IMG_2543.JPG,1,0,0,0,0
IMG_4483 (2).JPG,1,1,0,0,0
IMG_0354.JPG,1,2,0,0,0
2016-07-16 03-51-57 PM M 03_03.JPG,1,3,0,0,0
2016-07-09 11-16-43 AM M 01_03.JPG,1,0,3,0,0
2016-08-12 07-39-04.JPG,0,1,0,0,0
2016-07-08 09-00-26 AM M 03_03.JPG,1,0,4,1,1
2016-07-17 07-58-21 PM M 03_03.JPG,1,0,0,0,0
IMG_5238.JPG,1,4,0,0,0
2016-07-09 03-01-29 PM M 01_03.JPG,1,1,3,0,1
IMG_1076.JPG,1,0,0,0,0
IMG_5210.JPG,1,1,0,0,0
IMG_0092 (2).JPG,0,2,0,0,0
IMG_3675.JPG,0,1,0,0,0
2016-07-18 05-30-24_001.JPG,1,0,1,0,0
2016-07-14 03-46-41 AM M 02_03.JPG,1,0,0,0,0
IMG_0195.JPG,1,0,0,0,0
IMG_3488.JPG,1,0,0,0,0
IMG_4155 (3).JPG,1,3,0,0,0
IMG_2987 (2).JPG,1,0,0,0,0
IMG_1374 (2).JPG,1,0,0,0,0
IMG_0143 (2).JPG,1,1,0,1,1
2016-07-23 07-52-50_001.JPG,1,0,0,0,0
IMG_0803.JPG,1,0,0,0,0
IMG_8287.JPG,1,2,0,1,1
2016-07-10 10-13-06 AM M 03_03.JPG,1,0,0,0,0
2016-07-12 11-27-22_001.JPG,1,1,0,0,0
IMG_9600.JPG,0,2,0,0,0
IMG_0142.JPG,1,4,0,0,0
IMG_1647 (2).JPG,1,0,0,0,0
2016-07-10 19-26-06.JPG,1,0,1,0,0
IMG_4442.JPG,1,1,0,0,0
IMG_5774.JPG,1,0,0,0,0
2016-07-17 12-45-27 PM M 02_03.JPG,1,2,0,0,0
IMG_0254 (4).JPG,1,2,0,1,1
IMG_0460 (2).JPG,1,0,0,0,0
IMG_0244 (4).JPG,0,2,0,0,0
2016-07-08 05-13-56_001.JPG,1,0,2,0,0
IMG_3291 (3).JPG,0,2,0,0,0
2016-07-09 04-49-36 AM M 01_03.JPG,1,0,1,0,0
IMG_4325.JPG,1,0,1,1,0
IMG_9167.JPG,0,2,0,0,0
IMG_0625.JPG,1,0,0,0,0
IMG_0813 (5).JPG,0,3,0,0,0
IMG_8563 (3).JPG,1,2,0,0,0
IMG_0437 (8).JPG,0,3,0,0,0
2016-07-21 05-42-27 AM M 03_03.JPG,1,1,0,0,0
IMG_3489.JPG,1,2,0,0,0
IMG_6607 (7).JPG,0,2,0,0,1
2016-07-12 05-17-28_001.JPG,1,0,0,0,0
IMG_1358 (4).JPG,0,3,1,0,0
IMG_0509 (3).JPG,3,0,0,0,0
IMG_4641.JPG,1,0,0,0,0
2016-07-12 05-34-04.JPG,3,0,0,0,0
IMG_4127.JPG,1,0,0,0,0
IMG_6846 (6).JPG,0,3,0,0,0
IMG_0084 (7).JPG,0,1,0,0,0
2016-07-19 10-33-13 AM M 01_03.JPG,1,0,1,0,0
IMG_8854 (2).JPG,0,3,0,0,1
2016-07-08 06-25-08.JPG,1,0,0,0,0
IMG_6517 (5).JPG,0,2,0,0,0
2016-07-12 05-12-00.JPG,1,1,0,0,0
IMG_3853.JPG,1,0,0,0,0
2016-06-24 05-20-02.JPG,1,0,0,0,0
2016-06-19 20-27-12_001.JPG,1,0,0,0,0
IMG_1146 (4).JPG,1,4,0,0,0
IMG_3567 (3).JPG,0,2,0,0,0
IMG_5554 (2).JPG,1,0,0,0,0
IMG_4364 (3).JPG,1,0,0,0,0
IMG_6504 (3).JPG,0,1,0,0,0
IMG_1145 (2).JPG,1,0,4,1,1
IMG_2638 (3).JPG,1,0,0,0,0
2016-07-20 07-53-55 PM M 01_03.JPG,1,1,0,1,1
IMG_5896 (2).JPG,1,0,3,0,0
2016-07-16 16-27-14.JPG,1,0,0,1,0
IMG_4002 (3).JPG,1,3,0,0,0
2016-07-18 06-43-20 PM M 01_03.JPG,1,4,0,1,1
IMG_0065 (4).JPG,1,0,0,0,0
2016-07-10 09-13-44 PM M 01_03.JPG,1,0,1,0,0
IMG_4657 (3).JPG,0,1,0,0,0
IMG_1071 (3).JPG,1,3,0,1,1
2016-07-12 02-14-12 PM M 01_03.JPG,1,0,0,0,0
IMG_3432 (4).JPG,1,0,0,0,0
IMG_0748 (4).JPG,1,0,2,0,0
2016-07-22 14-45-32.JPG,1,2,0,1,0
2016-07-08 02-20-32 PM M 03_03.JPG,1,0,0,0,0
IMG_5601.JPG,1,0,2,0,0
2016-06-16 06-50-40.JPG,1,0,0,0,0
2016-07-13 05-37-54_001.JPG,0,2,0,0,0
IMG_0689 (4).JPG,0,2,0,0,0
IMG_9761.JPG,0,3,0,0,0
2016-07-22 16-29-20.JPG,1,0,0,1,0
IMG_7837 (5).JPG,1,0,1,0,0
IMG_1804 (4).JPG,0,2,0,0,0
2016-08-08 05-32-22.JPG,0,1,0,0,0
IMG_1300 (6).JPG,0,1,0,0,0
IMG_0972.JPG,0,2,0,0,0
2016-07-14 01-03-23 AM M 02_03.JPG,1,0,0,0,0
2016-06-19 06-43-50.JPG,1,0,0,0,0
IMG_2691 (2).JPG,1,2,0,0,0
2016-06-15 20-05-14.JPG,1,0,0,0,0
IMG_2286 (3).JPG,1,0,3,0,0
IMG_4296.JPG,1,0,0,0,0
2016-07-16 02-54-08 PM M 02_03.JPG,1,0,0,0,0
IMG_9981.JPG,0,1,0,0,0
IMG_8447.JPG,1,0,1,0,0
IMG_9759.JPG,1,0,0,0,0
2016-07-08 06-18-10.JPG,0,0,3,0,0
2016-07-18 12-55-42.JPG,1,1,2,0,0
IMG_7760.JPG,1,0,0,0,0
IMG_2618.JPG,1,2,0,1,0
IMG_3506.JPG,1,0,4,0,0
2016-07-18 04-25-18 PM M 03_03.JPG,1,4,0,0,0
2016-07-14 11-55-47 AM M 01_03.JPG,4,0,2,1,0
IMG_9003.JPG,0,2,0,0,0
IMG_0256 (2).JPG,1,2,0,0,0
IMG_4012 (2).JPG,0,0,1,0,0
IMG_1010 (4).JPG,0,2,0,0,0
2016-06-28 05-15-32_001.JPG,1,0,0,1,1
2016-07-20 07-46-24.JPG,1,0,0,0,0
IMG_4719.JPG,0,0,3,0,0
IMG_4315 (4).JPG,0,1,0,0,0
IMG_0219.JPG,1,0,3,1,1
IMG_5361.JPG,1,2,0,0,0
2016-07-10 06-13-26 AM M 02_03.JPG,1,0,0,0,0
IMG_2105 (2).JPG,1,2,0,0,0
2016-07-23 07-58-38.JPG,0,1,0,0,0
IMG_0231.JPG,2,0,3,2,0
IMG_0120 (2).JPG,1,1,0,1,0
2016-07-12 01-42-26 AM M 02_03.JPG,1,0,2,0,0
IMG_3350 (2).JPG,1,3,0,1,1
2016-07-16 16-38-44.JPG,1,0,3,1,1
2016-07-14 04-02-40 PM M 03_03.JPG,2,2,0,1,1
2016-07-10 02-18-00 PM M 01_03.JPG,1,0,0,0,0
IMG_5312 (5).JPG,1,2,0,0,0
2016-07-10 07-32-16 PM M 01_03.JPG,1,0,0,0,0
IMG_0642 (5).JPG,1,0,0,0,0
IMG_8057.JPG,0,2,0,0,0
2016-07-09 11-37-12 PM M 02_03.JPG,1,0,0,0,0
2016-07-10 06-04-28 AM M 03_03.JPG,1,0,0,0,0
2016-07-08 01-37-38 PM M 03_03.JPG,1,0,0,1,1
IMG_2208.JPG,1,2,0,0,0
IMG_2677 (5).JPG,0,2,0,0,0
IMG_5932 (7).JPG,0,1,0,0,0
IMG_0345.JPG,1,2,1,0,0
IMG_2552.JPG,0,3,0,0,0
IMG_4253 (5).JPG,0,1,0,0,0
2016-07-19 03-19-54 PM M 03_03.JPG,1,1,1,0,0
IMG_1289 (5).JPG,1,2,0,1,1
2016-07-22 04-13-14 PM M 01_03.JPG,1,3,0,0,0
2016-07-07 11-26-19 AM M 03_03.JPG,0,0,4,0,0
IMG_1923 (2).JPG,0,1,0,0,0
2016-07-19 13-00-28_001.JPG,1,0,0,0,0
IMG_2973 (3).JPG,1,0,0,0,0
2016-07-16 08-03-01 AM M 03_03.JPG,1,3,0,1,1
2016-07-14 05-52-42_001.JPG,1,0,1,0,0
2016-07-09 07-29-15 AM M 03_03.JPG,1,0,0,0,0
IMG_7166.JPG,0,2,0,0,0
IMG_8502 (4).JPG,0,1,0,0,0
IMG_3853 (5).JPG,1,3,0,0,0
2016-08-08 05-18-32.JPG,0,2,0,0,0
IMG_4453.JPG,1,0,0,0,0
IMG_5801 (2).JPG,1,0,0,0,0
IMG_9163.JPG,0,2,0,0,0
IMG_1480 (4).JPG,1,0,0,0,0
IMG_2445 (3).JPG,1,3,0,0,0
IMG_2042 (2).JPG,1,0,2,0,0
2016-07-21 18-58-26.JPG,1,0,0,0,0
IMG_6537.JPG,1,3,0,1,1
IMG_1657 (3).JPG,1,0,0,0,0
IMG_2052 (2).JPG,1,0,0,0,0
IMG_6206 (2).JPG,2,0,0,1,0
IMG_7173.JPG,1,0,0,0,0
IMG_0653 (4).JPG,0,3,0,0,0
2016-07-18 07-01-26 PM M 02_03.JPG,1,2,1,1,0
2016-07-16 09-48-42 PM M 01_03.JPG,1,0,4,0,0
IMG_2046 (10).JPG,0,3,0,0,0
2016-07-15 05-11-38_001.JPG,0,3,0,0,0
IMG_3301.JPG,1,2,0,0,0
IMG_6279.JPG,0,1,0,0,0
2016-07-19 09-52-01 PM M 02_03.JPG,1,2,0,0,0
IMG_4491.JPG,0,0,2,0,0
IMG_1126 (2).JPG,0,2,0,0,0
IMG_2117 (5).JPG,0,3,0,0,0
IMG_0095 (7).JPG,1,1,0,0,0
IMG_9360.JPG,1,2,0,0,0
IMG_6949 (4).JPG,1,3,0,0,0
IMG_1049 (6).JPG,1,2,0,0,0
IMG_0378.JPG,1,0,0,0,0
IMG_5200.JPG,1,1,0,0,0
IMG_0082 (3).JPG,0,2,0,0,0
2016-07-18 03-48-02 PM M 03_03.JPG,1,3,0,0,0
2016-07-18 03-28-09 PM M 01_03.JPG,1,3,0,1,1
IMG_8903.JPG,1,0,0,0,0
IMG_2413 (8).JPG,1,3,0,0,0
IMG_1927.JPG,1,0,2,0,0
IMG_4461 (6).JPG,0,2,0,0,0
2016-07-21 16-45-40.JPG,1,0,0,0,0
2016-07-17 06-19-22 AM M 03_03.JPG,1,2,0,0,0
IMG_1298 (4).JPG,1,3,0,1,1
IMG_1288 (4).JPG,1,3,0,1,0
IMG_1443 (9).JPG,0,2,0,0,0
2016-07-14 07-54-00.JPG,1,1,0,0,0
IMG_3590 (4).JPG,0,0,4,0,0
2016-07-20 03-40-27 PM M 02_03.JPG,1,3,1,0,0
2016-07-16 05-47-16_001.JPG,1,1,0,0,0
2016-07-21 04-29-27 PM M 03_03.JPG,1,1,0,0,0
IMG_9566.JPG,0,2,0,0,0
IMG_1950 (3).JPG,1,0,0,0,0
IMG_0698 (4).JPG,0,2,1,0,0
IMG_0781 (2).JPG,1,3,1,0,0
IMG_9228.JPG,1,2,0,0,0
IMG_3077.JPG,1,2,0,0,0
IMG_6669.JPG,1,2,0,0,0
IMG_0198 (3).JPG,1,3,0,0,0
IMG_0570 (9).JPG,0,2,0,1,0
IMG_1085 (2).JPG,1,2,0,0,0
IMG_1482 (3).JPG,0,3,1,0,0
IMG_0188 (3).JPG,1,3,0,0,0
2016-07-22 11-16-58.JPG,1,0,1,0,0
IMG_0908 (5).JPG,0,2,1,0,0
2016-07-14 10-46-05 AM M 03_03.JPG,1,0,0,0,0
IMG_2152 (8).JPG,0,2,0,0,0
IMG_2143.JPG,1,0,0,0,0
IMG_6325.JPG,0,1,0,0,0
IMG_0032.JPG,0,0,1,0,0
2016-07-19 09-49-59 AM M 02_03.JPG,1,3,0,1,1
2016-07-10 01-34-20 AM M 02_03.JPG,1,0,0,0,0
IMG_4268.JPG,1,0,0,0,0
IMG_0797.JPG,0,2,0,0,0
IMG_2129 (4).JPG,1,0,0,0,0
IMG_0494 (13).JPG,1,2,0,1,1
IMG_1467 (2).JPG,1,0,0,0,0
2016-07-20 09-28-44 AM M 02_03.JPG,1,1,0,0,0
2016-07-17 10-52-50 PM M 02_03.JPG,1,0,0,0,0
IMG_0005 (2).JPG,0,1,0,0,0
IMG_0922 (6).JPG,0,1,0,0,0
2016-07-16 04-39-32 PM M 03_03.JPG,1,0,0,0,0
IMG_3217 (2).JPG,0,3,1,0,0
IMG_2020 (2).JPG,0,2,0,0,0
IMG_1232 (2).JPG,1,2,0,0,0
2016-07-12 05-44-12_001.JPG,1,0,3,1,1
2016-07-15 05-58-46.JPG,1,0,3,1,1
2016-07-12 21-54-48.JPG,1,0,2,0,0
IMG_0904 (6).JPG,1,2,0,0,0
IMG_2518 (5).JPG,1,1,0,0,0
2016-07-10 05-23-14.JPG,1,0,3,1,0
IMG_3657 (5).JPG,0,1,0,0,0
2016-07-10 05-28-10_001.JPG,1,0,3,0,0
IMG_2016 (2).JPG,1,0,0,0,0
2016-07-08 01-15-07 PM M 01_03.JPG,1,0,4,0,0
IMG_1204 (2).JPG,1,0,1,0,0
IMG_1351 (5).JPG,0,2,1,0,0
IMG_4754 (2).JPG,0,0,1,0,0
IMG_0117 (3).JPG,1,0,0,0,0
IMG_5606.JPG,0,2,0,0,0
IMG_2208 (2).JPG,1,0,0,0,1
IMG_3539.JPG,1,0,2,0,0
IMG_0030.JPG,0,0,1,0,0
IMG_1103 (4).JPG,1,0,4,1,0
IMG_7987.JPG,1,0,0,0,0
IMG_4069 (2).JPG,0,1,1,0,0
IMG_0742 (3).JPG,0,1,0,0,0
IMG_9000.JPG,1,0,0,0,0
IMG_0742.JPG,1,0,0,0,0
2016-07-18 04-20-04 PM M 01_03.JPG,1,2,1,0,0
IMG_9711 (3).JPG,0,4,0,0,0
IMG_6804 (2).JPG,1,0,0,0,0
2016-07-20 17-53-42.JPG,1,1,0,0,0
IMG_4469 (7).JPG,1,2,0,0,0
2016-07-07 02-03-43 AM M 01_03.JPG,1,0,0,0,0
IMG_2174 (8).JPG,1,1,0,1,0
IMG_0568.JPG,1,0,0,0,0
IMG_7790 (4).JPG,0,1,0,0,0
IMG_1580 (2).JPG,1,1,1,0,0
IMG_1662.JPG,1,2,0,0,0
IMG_0262 (12).JPG,1,2,0,0,0
IMG_0554.JPG,1,0,0,0,0
IMG_0183 (4).JPG,0,2,0,0,0
IMG_2425.JPG,1,2,0,0,0
2016-07-16 06-07-26.JPG,1,1,0,0,0
2016-07-22 13-29-20_001.JPG,2,0,0,1,1
2016-07-16 05-22-19 PM M 02_03.JPG,1,2,0,0,0
IMG_8901.JPG,1,1,0,0,0
2016-07-19 02-34-51 PM M 01_03.JPG,0,3,0,0,0
IMG_0391.JPG,1,0,0,0,0
IMG_7927 (2).JPG,1,3,0,1,1
IMG_4691.JPG,1,1,0,0,0
IMG_0180 (2).JPG,0,1,0,0,0
2016-07-16 15-07-10_001.JPG,1,0,0,1,1
IMG_3229 (10).JPG,0,1,0,0,0
2016-07-16 04-42-56 PM M 01_03.JPG,1,1,0,0,0
IMG_0799 (3).JPG,1,0,2,0,0
IMG_0287 (4).JPG,1,0,2,0,0
IMG_2702 (7).JPG,1,3,0,0,0
IMG_0337 (2).JPG,1,0,0,0,0
IMG_3135 (2).JPG,2,3,0,0,0
IMG_1068 (2).JPG,0,3,0,0,0
IMG_0639 (5).JPG,1,1,0,0,0
IMG_2526 (4).JPG,1,0,4,1,0
IMG_2312 (2).JPG,1,0,0,0,0
IMG_0193.JPG,1,1,0,0,0
2016-07-21 15-40-34_001.JPG,0,1,1,0,0
IMG_1671 (3).JPG,1,0,2,0,0
2016-07-10 06-26-42 PM M 03_03.JPG,1,0,0,0,0
IMG_3011 (3).JPG,0,4,0,0,0
2016-06-25 05-18-12_001.JPG,1,0,0,0,0
IMG_7603.JPG,1,2,0,0,0
2016-07-12 05-08-55 PM M 01_03.JPG,1,0,0,1,0
IMG_4322.JPG,1,0,2,0,1
IMG_0144.JPG,0,0,0,0,0
IMG_0272 (5).JPG,0,2,0,0,0
IMG_1423 (2).JPG,1,1,0,0,0
IMG_0150.JPG,0,0,0,0,0
2016-06-20 14-41-24_001.JPG,1,0,2,0,0
IMG_9607.JPG,0,2,0,0,0
IMG_3875 (5).JPG,1,2,0,0,0
IMG_2703 (6).JPG,1,3,0,0,0
IMG_8531.JPG,1,3,0,1,1
2016-07-22 11-26-40 PM M 01_03.JPG,1,1,0,0,0
IMG_9137 (2).JPG,0,3,0,0,0
IMG_2949.JPG,1,0,0,0,0
2016-07-18 06-14-20.JPG,1,0,0,0,0
IMG_1677 (6).JPG,1,3,0,0,0
IMG_0138 (3).JPG,0,3,0,0,0
IMG_1912 (6).JPG,1,0,0,0,0
IMG_2004 (5).JPG,0,2,0,0,0
IMG_0040 (3).JPG,0,3,1,0,0
2016-07-10 03-55-13 PM M 01_03.JPG,1,0,0,0,0
IMG_4441 (3).JPG,1,0,0,0,0
IMG_1277 (3).JPG,1,3,0,1,1
2016-08-08 13-34-16.JPG,0,1,0,0,0
2016-07-09 10-15-28 AM M 01_03.JPG,1,0,4,1,1
2016-07-12 06-16-56.JPG,0,1,0,0,0
IMG_1069 (3).JPG,1,2,0,1,0
IMG_0105 (4).JPG,1,3,1,0,0
2016-07-16 07-36-58.JPG,1,0,3,0,0
2016-07-12 11-31-09 PM M 02_03.JPG,1,1,0,0,0
2016-07-19 07-39-30 AM M 01_03.JPG,1,1,0,0,0
2016-07-16 16-56-06_001.JPG,0,3,0,0,0
IMG_0336 (3).JPG,1,0,1,0,0
IMG_1736 (3).JPG,1,0,0,0,0
IMG_3048.JPG,1,0,0,0,0
2016-07-16 08-10-41 AM M 03_03.JPG,1,0,0,0,0
IMG_1321 (2).JPG,1,2,0,0,0
IMG_0354 (3).JPG,1,3,1,0,0
IMG_7212.JPG,1,1,0,0,0
IMG_3071 (10).JPG,0,1,0,0,0
IMG_9804 (4).JPG,1,2,0,1,1
IMG_1574 (2).JPG,1,1,0,0,0
IMG_3448 (4).JPG,1,2,0,0,0
IMG_8497 (4).JPG,0,2,0,0,0
IMG_0106 (2).JPG,0,1,0,0,0
IMG_2418.JPG,1,1,0,0,0
2016-07-22 07-44-10.JPG,1,1,1,0,0
IMG_4082.JPG,1,1,0,0,0
IMG_2819 (8).JPG,0,3,0,0,0
IMG_1612 (2).JPG,1,1,0,0,0
2016-07-20 12-15-50 AM M 02_03.JPG,1,2,0,0,0
IMG_0606 (5).JPG,1,2,0,0,0
IMG_3348 (3).JPG,1,3,0,1,1
2016-07-12 05-42-30_001.JPG,1,0,2,0,0
2016-07-19 09-53-08 PM M 02_03.JPG,1,2,0,0,0
IMG_5190 (3).JPG,0,1,0,0,0
IMG_0226 (9).JPG,0,1,0,0,0
IMG_0025.JPG,0,0,1,0,0
IMG_3472 (7).JPG,1,1,0,0,0
IMG_0031.JPG,0,0,1,0,0
IMG_9242 (4).JPG,1,4,0,1,0
IMG_1644 (9).JPG,0,3,0,0,0
2016-07-15 10-58-37 PM M 02_03.JPG,1,0,0,0,0
2016-07-13 04-04-00 AM M 03_03.JPG,1,4,0,1,1
IMG_1977 (2).JPG,0,1,0,0,0
2016-07-20 12-09-08.JPG,1,1,0,1,0
IMG_0019.JPG,0,0,1,0,0
IMG_8472 (5).JPG,1,2,0,0,0
IMG_2394 (2).JPG,1,3,0,0,1
IMG_7762.JPG,0,3,0,0,0
2016-07-15 03-57-58 PM M 01_03.JPG,1,3,0,1,1
2016-07-10 04-44-02 PM M 03_03.JPG,1,0,0,0,0
IMG_4478 (6).JPG,1,0,0,0,0
IMG_1281 (4).JPG,0,2,0,0,0
IMG_1448 (11).JPG,0,1,0,0,0
IMG_0836 (2).JPG,1,0,0,0,0
IMG_0079 (6).JPG,1,1,0,0,0
IMG_3589 (4).JPG,0,0,4,0,0
