IMG_1765 (4).JPG,1,3,0,0,0
IMG_0611.JPG,1,1,1,0,0
IMG_0134 (3).JPG,1,2,0,1,0
IMG_3326 (3).JPG,0,2,0,0,0
IMG_0317 (4).JPG,1,1,0,0,0
IMG_6512.JPG,1,0,0,0,0
2016-07-18 01-27-26 PM M 01_03.JPG,1,0,0,0,0
IMG_1097 (6).JPG,1,3,0,0,0
IMG_1130 (4).JPG,0,2,1,0,0
2016-07-19 02-24-10 AM M 01_03.JPG,1,1,1,0,0
IMG_1714 (2).JPG,1,0,0,0,0
IMG_2516 (2).JPG,1,0,0,0,0
IMG_2332 (4).JPG,1,0,0,0,0
IMG_6595 (5).JPG,1,1,0,0,0
2016-07-20 09-49-59 AM M 01_03.JPG,0,2,0,0,0
IMG_5026.JPG,1,0,0,0,0
IMG_3457.JPG,1,0,0,0,0
IMG_8270.JPG,0,2,0,0,0
IMG_1925 (4).JPG,0,3,1,0,0
IMG_0604.JPG,1,2,0,0,0
IMG_0931 (3).JPG,0,2,0,0,0
2016-08-10 05-02-13 AM M 01_03.JPG,0,2,0,0,0
IMG_6507.JPG,0,1,0,0,0
IMG_7832 (4).JPG,1,3,0,1,1
2016-07-20 16-11-34_001.JPG,1,0,0,0,0
IMG_0837.JPG,1,1,0,0,0
IMG_8737 (5).JPG,1,3,0,1,1
2016-07-18 01-10-36 PM M 01_03.JPG,1,0,0,1,1
IMG_9294 (5).JPG,0,2,0,0,0
IMG_0144 (4).JPG,1,0,0,0,0
IMG_7369.JPG,1,0,0,0,0
IMG_1150 (3).JPG,1,1,0,1,1
IMG_8852 (5).JPG,0,2,1,0,0
2016-07-19 10-39-43 PM M 01_03.JPG,1,2,0,0,0
IMG_0412.JPG,1,0,1,0,0
IMG_0135 (2).JPG,1,1,0,0,0
IMG_1481 (6).JPG,0,2,0,0,0
IMG_1015 (4).JPG,0,1,0,0,0
2016-07-19 01-22-02 PM M 03_03.JPG,1,3,0,0,0
2016-07-15 15-03-20.JPG,1,0,2,0,0
IMG_1064 (2).JPG,1,0,2,0,0
IMG_4728.JPG,1,0,0,0,0
2016-07-16 21-59-26.JPG,1,2,0,0,0
IMG_5645 (3).JPG,0,3,0,0,0
IMG_6103.JPG,0,0,2,0,0
IMG_4651 (4).JPG,1,0,4,0,0
IMG_0012 (5).JPG,1,0,0,0,0
IMG_5168 (3).JPG,0,2,0,0,0
2016-07-11 06-35-25 AM M 01_03.JPG,1,0,0,0,0
IMG_1678.JPG,0,3,0,0,0
2016-07-12 19-03-54.JPG,0,1,0,0,0
2016-08-07 07-03-00 PM M 03_03.JPG,0,1,0,0,0
IMG_2258 (3).JPG,1,0,0,0,0
2016-07-21 11-34-38 AM M 02_03.JPG,1,2,0,0,0
IMG_0157 (2).JPG,1,2,0,0,1
IMG_7888 (2).JPG,2,1,0,1,1
2016-07-13 09-43-40 AM M 01_03.JPG,1,0,0,0,0
2016-07-14 11-31-12.JPG,1,0,0,0,0
IMG_4151 (3).JPG,1,4,0,0,0
2016-07-13 06-40-32.JPG,1,0,1,0,0
IMG_2162 (2).JPG,0,2,0,0,0
IMG_4304 (6).JPG,0,3,0,0,0
IMG_7751.JPG,1,2,0,0,0
IMG_0002.JPG,0,0,0,0,0
2016-07-20 07-52-57 AM M 03_03.JPG,0,2,1,0,0
IMG_0943.JPG,1,0,0,0,0
IMG_4934 (4).JPG,0,0,0,0,0
IMG_0718 (8).JPG,0,1,0,0,0
2016-07-15 19-55-22_001.JPG,0,2,0,0,0
IMG_0943 (2).JPG,1,1,0,0,0
2016-07-12 17-45-26.JPG,1,1,0,0,0
2016-07-20 18-26-44.JPG,1,1,0,0,0
2016-07-09 04-27-14 PM M 03_03.JPG,1,0,0,0,0
2016-07-22 12-57-04.JPG,1,1,1,0,0
IMG_5817.JPG,1,0,2,0,0
IMG_1812 (2).JPG,1,0,0,0,0
2016-07-14 03-29-00 AM M 01_03.JPG,1,0,0,0,0
IMG_1456.JPG,0,2,0,0,0
IMG_2648 (7).JPG,1,3,0,0,1
2016-07-09 02-24-41 PM M 03_03.JPG,1,0,0,0,0
IMG_0816 (5).JPG,1,0,0,0,0
IMG_0006.JPG,0,0,1,0,0
2016-07-06 02-13-58 PM M 01_03.JPG,1,0,3,0,1
IMG_4497 (3).JPG,0,0,4,0,0
IMG_0147 (3).JPG,1,0,0,0,0
IMG_5397.JPG,1,2,0,1,1
2016-07-16 02-46-10 PM M 02_03.JPG,1,2,1,0,0
IMG_7735 (5).JPG,2,0,3,1,1
IMG_4141 (2).JPG,1,2,0,0,0
IMG_0712 (3).JPG,0,1,0,0,0
IMG_3117 (2).JPG,1,0,0,0,0
IMG_1370 (3).JPG,0,3,0,0,0
2016-07-11 06-34-23 AM M 03_03.JPG,1,0,0,0,0
IMG_0292 (9).JPG,1,1,0,0,0
IMG_4029 (2).JPG,0,1,0,0,0
IMG_0305 (2).JPG,1,4,0,1,0
IMG_3468 (3).JPG,0,1,0,0,0
IMG_7231.JPG,1,2,0,0,00
IMG_0905 (9).JPG,0,1,0,00,0
IMG_7035 (2).JPG,1,0,0,0,0
IMG_8664.JPG,1,1,0,0,0
IMG_0240 (5).JPG,1,1,0,0,1
IMG_7601 (4).JPG,0,3,1,0,0
IMG_8914 (5).JPG,0,4,0,0,0
IMG_9878 (2).JPG,0,3,0,0,0
IMG_5999 (2).JPG,1,0,2,0,0
IMG_0204.JPG,1,0,1,0,0
2016-07-12 04-15-55 PM M 02_03.JPG,1,1,0,0,0
2016-07-09 06-50-59 PM M 02_03.JPG,1,0,3,0,1
2016-07-10 12-22-19 PM M 02_03.JPG,1,0,0,0,0
IMG_1091.JPG,1,1,0,1,0
IMG_6053 (5).JPG,1,0,0,0,0
2016-07-21 15-48-14.JPG,1,0,0,0,0
IMG_4920 (7).JPG,0,1,1,0,0
IMG_0253 (3).JPG,1,0,0,0,0
IMG_4843.JPG,1,1,0,0,0
2016-07-08 03-33-05 PM M 02_03.JPG,1,0,0,0,0
IMG_1473 (2).JPG,1,0,0,0,0
IMG_1650 (5).JPG,0,2,0,0,0
IMG_3741 (4).JPG,0,2,0,0,0
IMG_9856 (3).JPG,0,2,0,0,0
IMG_1715 (2).JPG,1,0,2,0,0
IMG_0618 (3).JPG,0,1,0,0,0
IMG_5546.JPG,1,0,1,0,1
IMG_2899 (3).JPG,0,3,0,0,0
2016-07-09 08-09-24 AM M 02_03.JPG,1,0,4,1,0
IMG_0364.JPG,1,1,0,0,0
2016-07-15 10-21-09 AM M 03_03.JPG,1,1,0,0,0
IMG_4361 (3).JPG,1,0,0,0,0
2016-07-09 07-08-40 PM M 03_03.JPG,1,0,4,1,1
IMG_0135 (3).JPG,1,2,0,1,1
2016-07-16 05-03-24_001.JPG,1,2,0,0,0
2016-07-13 15-16-02.JPG,1,0,3,1,1
.DS_Store,1,0,3,1,1
IMG_0095 (5).JPG,0,1,0,0,1
2016-07-20 03-50-58 PM M 02_03.JPG,1,3,0,1,1
IMG_2830 (3).JPG,1,0,0,0,0
IMG_4499.JPG,0,2,0,0,0
IMG_1188 (4).JPG,1,0,0,0,0
IMG_5866 (3).JPG,1,3,0,1,1
IMG_4093 (4).JPG,0,2,0,0,0
IMG_1870 (2).JPG,1,0,0,0,0
IMG_4376 (7).JPG,1,2,0,0,0
IMG_8037 (3).JPG,1,1,0,0,0
IMG_3321.JPG,1,0,0,0,0
IMG_8613 (5).JPG,0,2,1,0,0
2016-07-17 06-50-53 AM M 02_03.JPG,1,3,0,1,1
IMG_0828 (4).JPG,0,3,1,0,0
IMG_8265 (2).JPG,0,0,0,0,0
2016-07-17 09-34-03 AM M 01_03.JPG,1,0,0,0,0
IMG_2184 (4).JPG,1,0,0,0,0
IMG_0827 (10).JPG,1,0,0,1,1
2016-07-07 02-53-43 PM M 03_03.JPG,0,0,2,0,0
IMG_5315 (3).JPG,1,0,0,0,0
IMG_1480 (6).JPG,1,2,0,1,1
2016-07-21 14-58-50_001.JPG,1,2,0,0,0
IMG_9625.JPG,0,2,0,0,0
IMG_5292 (8).JPG,0,2,0,0,0
IMG_0124 (2).JPG,1,0,0,0,0
IMG_0678 (4).JPG,0,1,0,0,0
2016-07-08 02-00-10 PM M 02_03.JPG,1,0,2,1,0
IMG_0366 (3).JPG,0,3,0,0,0
2016-07-14 10-41-34 AM M 03_03.JPG,1,1,0,0,0
2016-07-16 05-46-19 PM M 03_03.JPG,1,2,0,0,0
IMG_7634.JPG,1,1,0,0,0
IMG_2994.JPG,2,0,1,0,1
IMG_1251.JPG,1,2,0,0,0
IMG_3320.JPG,1,0,0,0,0
IMG_5989.JPG,0,4,0,0,0
2016-08-11 05-26-16.JPG,0,1,0,0,0
2016-07-13 05-29-06_001.JPG,1,2,0,0,0
IMG_2957.JPG,1,2,0,0,0
2016-07-08 01-54-26 PM M 02_03.JPG,1,0,2,0,0
IMG_0476 (4).JPG,1,0,0,0,0
IMG_4401 (3).JPG,1,0,3,0,0
2016-07-19 11-08-24 PM M 03_03.JPG,1,0,0,0,0
IMG_4016 (2).JPG,0,0,1,0,0
IMG_0832.JPG,1,0,1,0,1
IMG_2582 (4).JPG,1,1,0,0,0
IMG_0920 (3).JPG,0,1,0,0,0
IMG_2185 (5).JPG,0,2,0,0,0
2016-07-09 21-00-50.JPG,1,0,2,0,0
2016-07-14 07-20-26_001.JPG,1,1,0,0,0
IMG_0371.JPG,1,0,0,0,0
IMG_3888.JPG,0,2,0,0,0
IMG_6728.JPG,1,0,0,0,0
IMG_0359.JPG,1,0,0,0,0
IMG_8711.JPG,1,0,0,0,0
IMG_2850 (4).JPG,1,0,2,0,0
2016-07-18 09-01-34 PM M 03_03.JPG,1,0,0,0,0
IMG_8112 (3).JPG,0,2,0,0,0
IMG_5096 (2).JPG,1,2,0,1,0
2016-07-20 05-23-32.JPG,1,1,1,0,0
IMG_4486 (2).JPG,0,3,0,0,0
2016-07-11 09-15-10 AM M 03_03.JPG,1,0,0,0,0
IMG_2995 (6).JPG,0,2,0,0,0
2016-07-14 05-38-15 AM M 03_03.JPG,1,2,0,1,0
IMG_8659.JPG,0,2,0,0,0
IMG_3724.JPG,1,0,0,0,0
2016-07-19 11-56-16 PM M 01_03.JPG,0,2,0,0,0
IMG_5874 (4).JPG,0,2,0,0,0
IMG_9985 (4).JPG,1,3,1,0,1
IMG_8856.JPG,1,0,0,0,0
IMG_1384 (3).JPG,0,3,0,0,0
IMG_1872.JPG,0,2,0,0,0
IMG_2967 (3).JPG,0,1,1,0,0
IMG_2581 (2).JPG,0,2,1,0,0
IMG_0588.JPG,1,0,0,0,0
2016-07-15 18-33-52.JPG,1,3,0,0,0
IMG_3236 (8).JPG,1,0,0,0,0
IMG_5382.JPG,1,0,0,0,0
IMG_1076 (4).JPG,1,0,0,0,0
IMG_0007.JPG,0,0,0,0,0
IMG_4074 (2).JPG,1,2,0,0,0
2016-07-08 06-02-54.JPG,1,0,0,0,0
IMG_2559 (4).JPG,1,1,0,0,0
2016-07-17 11-47-00 PM M 03_03.JPG,1,1,0,0,0
IMG_3677 (2).JPG,0,1,0,0,0
IMG_0241 (4).JPG,1,0,0,0,0
IMG_3532.JPG,0,1,0,0,0
IMG_1224 (5).JPG,0,3,0,0,1
IMG_8301.JPG,1,0,0,0,0
IMG_7973.JPG,0,1,0,0,0
IMG_0551 (3).JPG,1,1,0,1,0
IMG_3743 (3).JPG,0,1,0,0,0
IMG_0146 (2).JPG,1,3,0,1,1
2016-07-21 21-06-52.JPG,1,1,0,0,0
IMG_6175 (3).JPG,1,0,0,0,0
2016-07-10 09-22-09 AM M 02_03.JPG,1,1,1,0,0
2016-07-08 08-11-38 PM M 02_03.JPG,1,0,0,0,0
IMG_3058 (3).JPG,1,0,0,0,0
IMG_4987 (3).JPG,0,2,0,0,0
IMG_3120 (3).JPG,1,0,0,0,0
IMG_7795.JPG,0,2,0,0,0
2016-07-14 13-39-26.JPG,1,0,0,0,0
IMG_1040 (4).JPG,0,1,0,0,0
IMG_8471.JPG,1,0,0,0,0
IMG_9009.JPG,1,2,0,0,0
IMG_7030.JPG,1,0,0,0,0
2016-07-12 05-08-58 PM M 02_03.JPG,1,0,3,0,0
IMG_0779 (3).JPG,0,2,0,0,0
2016-07-09 02-54-37 PM M 02_03.JPG,1,0,1,0,0
IMG_0763.JPG,1,2,0,0,0
IMG_2612.JPG,1,3,0,1,0
IMG_0005.JPG,0,0,1,0,0
2016-07-08 01-36-45 AM M 03_03.JPG,1,0,0,0,0
IMG_1225 (8).JPG,1,0,1,0,0
2016-07-19 05-56-16.JPG,1,1,2,1,1
IMG_0905 (5).JPG,0,3,1,0,0
IMG_1858.JPG,1,0,0,0,0
2016-07-15 05-31-45 PM M 03_03.JPG,1,3,0,1,0
2016-07-19 10-46-27 PM M 03_03.JPG,1,0,0,0,0
2016-07-16 21-18-12_001.JPG,0,2,0,0,0
IMG_0582 (2).JPG,0,1,0,0,0
IMG_8230 (3).JPG,1,2,0,1,1
IMG_4600 (6).JPG,0,2,0,0,0
IMG_6947 (2).JPG,1,0,2,0,0
IMG_1508 (8).JPG,0,2,0,0,0
2016-07-16 06-00-26.JPG,0,3,0,0,0
2016-07-15 01-13-08 PM M 01_03.JPG,1,1,0,0,0
IMG_2362.JPG,1,0,0,0,0
IMG_0408 (7).JPG,1,1,0,0,0
IMG_0207.JPG,1,0,1,0,0
2016-07-18 01-43-13 PM M 02_03.JPG,1,4,0,0,0
2016-07-19 05-49-42.JPG,1,0,0,0,0
IMG_1904.JPG,1,2,0,0,0
IMG_5939 (2).JPG,1,0,0,0,0
IMG_5851 (2).JPG,1,0,0,0,0
2016-07-09 06-26-24 PM M 01_03.JPG,1,0,0,0,0
IMG_4883.JPG,1,0,0,0,0
IMG_1963 (2).JPG,0,2,0,0,0
2016-07-20 07-49-28_001.JPG,1,0,0,0,0
2016-07-16 05-01-52.JPG,1,2,0,0,0
IMG_4115.JPG,1,3,0,0,0
IMG_9800.JPG,1,2,0,0,0
IMG_2251 (2).JPG,1,2,0,0,0
IMG_4604 (4).JPG,1,3,0,0,0
IMG_3461 (3).JPG,1,1,0,0,0
2016-07-22 05-20-46.JPG,1,1,0,0,0
IMG_8505.JPG,0,2,0,0,0
IMG_5753.JPG,1,0,1,0,0
2016-07-16 06-49-22.JPG,1,1,0,0,0
IMG_1354 (4).JPG,1,1,0,1,0
IMG_2439 (5).JPG,0,3,0,0,0
IMG_3444.JPG,1,2,0,0,0
IMG_5566 (3).JPG,0,1,0,0,0
IMG_0603.JPG,1,0,0,0,0
2016-07-19 01-41-17 AM M 02_03.JPG,1,2,0,0,0
IMG_4114 (3).JPG,1,0,0,0,0
IMG_1501 (4).JPG,0,3,1,0,0
2016-07-12 20-05-44_001.JPG,1,1,0,0,0
IMG_2530 (3).JPG,1,0,0,0,0
IMG_0691 (6).JPG,1,0,0,0,0
IMG_9633.JPG,1,3,0,0,0
IMG_5592 (3).JPG,0,1,0,0,0
IMG_5195 (2).JPG,0,2,0,0,0
IMG_0197 (4).JPG,0,2,0,0,0
2016-07-15 07-22-10.JPG,1,0,3,0,0
IMG_0158.JPG,1,2,0,0,0
2016-07-22 15-09-56.JPG,1,0,0,0,0
IMG_0907 (2).JPG,1,0,0,0,0
IMG_0499 (3).JPG,1,2,0,0,0
IMG_5975.JPG,1,0,0,0,0
IMG_7810.JPG,1,0,0,0,0
IMG_2968.JPG,1,0,0,0,0
2016-07-09 11-03-05 AM M 02_03.JPG,1,0,2,0,0
2016-07-20 06-14-50.JPG,1,2,0,1,1
IMG_4659 (4).JPG,1,0,0,0,0
2016-07-15 06-41-30 PM M 01_03.JPG,1,3,0,1,1
2016-07-19 05-31-46 AM M 02_03.JPG,1,2,0,1,1
IMG_2217.JPG,0,3,0,0,0
IMG_0162 (5).JPG,1,3,0,0,1
IMG_0239 (2).JPG,1,0,0,0,0
IMG_3208 (5).JPG,0,3,0,0,0
IMG_1050.JPG,1,0,0,0,0
IMG_6313 (5).JPG,0,2,0,0,0
IMG_6059.JPG,1,2,1,0,0
IMG_1561 (3).JPG,0,2,0,0,0
IMG_1166 (2).JPG,0,2,0,0,0
2016-07-10 03-40-12 PM M 01_03.JPG,1,0,0,0,0
IMG_9418.JPG,1,2,0,0,0
2016-07-09 01-15-19 PM M 03_03.JPG,1,0,0,0,0
IMG_8921.JPG,1,2,0,0,0
IMG_3225 (2).JPG,1,2,0,1,0
IMG_1093.JPG,0,2,0,0,0
IMG_0037 (2).JPG,1,0,0,0,0
IMG_1593 (6).JPG,0,2,0,0,0
IMG_1118.JPG,1,1,0,0,0
IMG_3069.JPG,1,0,3,0,0
IMG_3257 (2).JPG,1,2,0,0,0
IMG_0778 (2).JPG,0,1,0,0,0
IMG_1675 (3).JPG,1,0,0,0,0
IMG_0239 (13).JPG,1,1,0,1,1
IMG_1337 (5).JPG,1,0,1,0,0
IMG_0990 (3).JPG,0,2,1,0,0
IMG_2092 (7).JPG,1,3,0,1,0
2016-07-11 03-05-06 PM M 03_03.JPG,1,0,4,1,0
